1203

<cupy.cuda.stream.Event object at 0x7f5031b95c10>
<cupy.cuda.stream.Event object at 0x7f5031bc7410>
None
None
None
<cupy.cuda.stream.Event object at 0x7f503151c990>
0.0
None
None
None
1024
49999
32
None
None
None
None
None
None
None
<cupy.cuda.stream.Event object at 0x7f5033974f90>
0.0

0.10000000149011612
-2.3025851249694824
3.107304096221924
-0.5242486596107483
-0.0028775546234101057
1.5710639900134993e-06
-5.488579273223877
-4.785894393920898
0.02585633657872677
0.0

[0, 34816, 69632, 104448, 139264, 174080, 208896, 243712, 278528, 314368, 350208, 385024, 419840, 454656, 489472, 525312, 561152, 596992, 632832, 668672, 703488, 739328, 775168, 811008, 846848, 882688, 918528, 954368, 990208, 1026048, 1061888, 1097728, 1133568, 1169408, 1205248, 1241088, 1276928, 1312768, 1348608, 1384448, 1420288, 1456128, 1491968, 1527808, 1563648, 1599488, 1635328, 1671168, 1707008, 1742848, 1778688, 1814528, 1850368, 1886208, 1922048, 1957888, 1993728, 2029568, 2065408, 2101248, 2138112, 2174976, 2211840, 2248704, 2285568, 2322432, 2359296, 2396160, 2433024, 2469888, 2506752, 2543616, 2580480, 2617344, 2654208, 2691072, 2727936, 2764800, 2801664, 2838528, 2875392, 2912256, 2949120, 2985984, 3022848, 3059712, 3096576, 3133440, 3170304, 3207168, 3244032, 3280896, 3317760, 3354624, 3391488, 3428352, 3465216, 3502080, 3538944, 3575808, 3612672, 3649536, 3686400, 3723264, 3760128, 3796992, 3833856, 3871744, 3909632, 3947520, 3985408, 4023296, 4061184, 4099072, 4136960, 4174848, 4212736, 4250624, 4288512, 4326400, 4364288, 4402176, 4440064, 4477952, 4515840, 4553728, 4591616, 4629504, 4667392, 4705280, 4743168, 4781056, 4818944, 4856832, 4894720, 4932608, 4970496, 5008384, 5046272, 5084160, 5122048, 5159936, 5197824, 5235712, 5273600, 5311488, 5349376, 5387264, 5425152, 5463040, 5500928, 5538816, 5576704, 5614592, 5652480, 5690368, 5729280, 5767168, 5805056, 5842944, 5881856, 5920768, 5959680, 5998592, 6037504, 6076416, 6115328, 6154240, 6193152, 6232064, 6270976, 6309888, 6348800, 6387712, 6426624, 6465536, 6504448, 6543360, 6582272, 6621184, 6660096, 6699008, 6737920, 6776832, 6815744, 6854656, 6893568, 6932480, 6971392, 7010304, 7049216, 7088128, 7127040, 7165952, 7204864, 7243776, 7282688, 7321600, 7360512, 7399424, 7438336, 7477248, 7516160, 7555072, 7593984, 7633920, 7673856, 7713792, 7753728, 7793664, 7833600, 7873536, 7913472, 7953408, 7993344, 8033280, 8073216, 8113152, 8153088, 8193024, 8232960, 8272896, 8312832, 8352768, 8392704, 8432640, 8472576, 8512512, 8552448, 8592384, 8632320, 8672256, 8712192, 8752128, 8792064, 8832000, 8871936, 8911872, 8951808, 8991744, 9031680, 9071616, 9111552, 9151488, 9191424, 9231360, 9271296, 9311232, 9351168, 9391104, 9431040, 9470976, 9510912, 9551872, 9591808, 9631744, 9671680, 9711616, 9752576, 9792512, 9833472, 9874432, 9915392, 9956352, 9997312, 10038272, 10078208, 10119168, 10160128, 10201088, 10242048, 10283008, 10323968, 10364928, 10405888, 10446848, 10487808, 10528768, 10569728, 10610688, 10651648, 10692608, 10733568, 10774528, 10815488, 10856448, 10897408, 10938368, 10979328, 11020288, 11061248, 11102208, 11143168, 11184128, 11225088, 11266048, 11307008, 11347968, 11388928, 11429888, 11470848, 11511808, 11552768, 11593728, 11634688, 11676672, 11718656, 11760640, 11802624, 11844608, 11886592, 11928576, 11970560, 12012544, 12054528, 12096512, 12138496, 12179456, 12220416, 12262400, 12304384, 12346368, 12388352, 12430336, 12472320, 12514304, 12556288, 12598272, 12640256, 12682240, 12724224, 12766208, 12808192, 12850176, 12892160, 12934144, 12976128, 13018112, 13060096, 13102080, 13144064, 13186048, 13228032, 13270016, 13312000, 13353984, 13395968, 13437952, 13479936, 13521920, 13563904, 13605888, 13647872, 13690880, 13732864, 13775872, 13818880, 13861888, 13904896, 13947904, 13990912, 14033920, 14076928, 14119936, 14162944, 14205952, 14248960, 14290944, 14333952, 14376960, 14419968, 14462976, 14505984, 14548992, 14592000, 14635008, 14678016, 14721024, 14764032, 14807040, 14850048, 14893056, 14936064, 14979072, 15022080, 15065088, 15108096, 15151104, 15194112, 15237120, 15280128, 15323136, 15366144, 15409152, 15452160, 15495168, 15538176, 15581184, 15624192, 15667200, 15710208, 15753216, 15796224, 15839232, 15882240, 15925248, 15968256, 16011264, 16054272, 16097280, 16140288, 16183296, 16226304, 16269312, 16312320, 16356352, 16400384, 16444416, 16488448, 16532480, 16576512, 16620544, 16664576, 16708608, 16752640, 16796672, 16840704, 16884736, 16928768, 16972800, 17016832, 17060864, 17104896, 17148928, 17192960, 17236992, 17281024, 17325056, 17369088, 17413120, 17457152, 17501184, 17545216, 17589248, 17633280, 17677312, 17721344, 17765376, 17809408, 17853440, 17897472, 17941504, 17985536, 18029568, 18073600, 18117632, 18161664, 18205696, 18249728, 18293760, 18338816, 18382848, 18426880, 18470912, 18514944, 18558976, 18603008, 18647040, 18692096, 18736128, 18781184, 18825216, 18870272, 18915328, 18960384, 19005440, 19050496, 19095552, 19140608, 19185664, 19230720, 19275776, 19320832, 19365888, 19410944, 19456000, 19501056, 19546112, 19591168, 19636224, 19681280, 19726336, 19771392, 19816448, 19861504, 19906560, 19951616, 19996672, 20041728, 20086784, 20131840, 20176896, 20221952, 20267008, 20312064, 20357120, 20402176, 20447232, 20492288, 20537344, 20582400, 20628480, 20673536, 20718592, 20763648, 20809728, 20855808, 20901888, 20947968, 20994048, 21040128, 21086208, 21132288, 21177344, 21223424, 21269504, 21315584, 21361664, 21407744, 21453824, 21499904, 21545984, 21592064, 21638144, 21684224, 21730304, 21776384, 21822464, 21868544, 21914624, 21960704, 22006784, 22052864, 22098944, 22145024, 22191104, 22237184, 22283264, 22329344, 22375424, 22421504, 22467584, 22513664, 22559744, 22605824, 22651904, 22697984, 22744064, 22790144, 22836224, 22882304, 22928384, 22974464, 23020544, 23066624, 23112704, 23158784, 23204864, 23250944, 23297024, 23343104, 23389184, 23435264, 23481344, 23527424, 23573504, 23619584, 23665664, 23711744, 23757824, 23803904, 23851008, 23898112, 23945216, 23991296, 24037376, 24083456, 24130560, 24177664, 24224768, 24271872, 24318976, 24366080, 24413184, 24460288, 24507392, 24554496, 24601600, 24648704, 24695808, 24742912, 24790016, 24837120, 24884224, 24931328, 24978432, 25025536, 25072640, 25119744, 25166848, 25213952, 25261056, 25308160, 25355264, 25402368, 25449472, 25496576, 25543680, 25590784, 25637888, 25684992, 25732096, 25779200, 25826304, 25873408, 25920512, 25967616, 26014720, 26061824, 26108928, 26157056, 26205184, 26253312, 26300416, 26347520, 26394624, 26441728, 26489856, 26537984, 26586112, 26634240, 26682368, 26730496, 26778624, 26826752, 26874880, 26923008, 26971136, 27019264, 27067392, 27115520, 27163648, 27211776, 27259904, 27308032, 27356160, 27404288, 27452416, 27500544, 27548672, 27596800, 27644928, 27693056, 27741184, 27789312, 27837440, 27885568, 27933696, 27981824, 28029952, 28078080, 28126208, 28174336, 28222464, 28270592, 28318720, 28366848, 28414976, 28463104, 28511232, 28559360, 28607488, 28655616, 28703744, 28751872, 28800000, 28848128, 28896256, 28944384, 28992512, 29040640, 29088768, 29136896, 29185024, 29233152, 29281280, 29330432, 29379584, 29428736, 29477888, 29527040, 29575168, 29623296, 29671424, 29720576, 29768704, 29817856, 29865984, 29915136, 29964288, 30013440, 30062592, 30111744, 30160896, 30210048, 30259200, 30308352, 30357504, 30406656, 30455808, 30504960, 30554112, 30603264, 30651392, 30700544, 30749696, 30798848, 30848000, 30897152, 30946304, 30995456, 31044608, 31093760, 31142912, 31192064, 31241216, 31290368, 31339520, 31388672, 31437824, 31486976, 31536128, 31585280, 31634432, 31683584, 31732736, 31781888, 31831040, 31880192, 31929344, 31978496, 32027648, 32076800, 32125952, 32176128, 32225280, 32274432, 32323584, 32372736, 32421888, 32472064, 32521216, 32570368, 32619520, 32668672, 32717824, 32766976, 32816128, 32865280, 32914432, 32964608, 33013760, 33062912, 33112064, 33162240, 33212416, 33262592, 33312768, 33362944, 33413120, 33463296, 33513472, 33563648, 33613824, 33664000, 33714176, 33764352, 33814528, 33864704, 33914880, 33965056, 34015232, 34065408, 34115584, 34165760, 34215936, 34266112, 34316288, 34366464, 34416640, 34466816, 34516992, 34567168, 34617344, 34667520, 34717696, 34767872, 34818048, 34868224, 34918400, 34968576, 35018752, 35068928, 35119104, 35169280, 35219456, 35269632, 35319808, 35369984, 35420160, 35470336, 35520512, 35570688, 35620864, 35671040, 35721216, 35771392, 35821568, 35871744, 35921920, 35972096, 36022272, 36072448, 36122624, 36172800, 36222976, 36273152, 36323328, 36373504, 36423680, 36473856, 36524032, 36574208, 36624384, 36674560, 36724736, 36774912, 36825088, 36875264, 36925440, 36975616, 37025792, 37075968, 37127168, 37178368, 37228544, 37279744, 37330944, 37382144, 37433344, 37484544, 37535744, 37586944, 37638144, 37689344, 37740544, 37791744, 37842944, 37894144, 37945344, 37996544, 38047744, 38098944, 38150144, 38201344, 38252544, 38303744, 38354944, 38406144, 38457344, 38508544, 38559744, 38610944, 38662144, 38713344, 38764544, 38815744, 38866944, 38918144, 38969344, 39020544, 39071744, 39122944, 39174144, 39225344, 39276544, 39327744, 39378944, 39430144, 39481344, 39532544, 39583744, 39634944, 39686144, 39737344, 39788544, 39839744, 39890944, 39942144, 39993344, 40044544, 40095744, 40146944, 40199168, 40250368, 40301568, 40352768, 40403968, 40455168, 40507392, 40559616, 40610816, 40662016, 40713216, 40764416, 40815616, 40867840, 40920064, 40972288, 41024512, 41075712, 41126912, 41178112, 41229312, 41280512, 41331712, 41382912, 41435136, 41487360, 41539584, 41590784, 41641984, 41693184, 41744384, 41795584, 41846784, 41899008, 41951232, 42002432, 42053632, 42104832, 42156032, 42208256, 42260480, 42311680, 42362880, 42414080, 42466304, 42518528, 42570752, 42622976, 42675200, 42727424, 42779648, 42831872, 42884096, 42936320, 42988544, 43040768, 43092992, 43145216, 43197440, 43249664, 43301888, 43354112, 43406336, 43458560, 43510784, 43563008, 43615232, 43667456, 43719680, 43771904, 43824128, 43876352, 43928576, 43980800, 44033024, 44085248, 44137472, 44189696, 44241920, 44294144, 44346368, 44398592, 44450816, 44503040, 44555264, 44607488, 44659712, 44711936, 44764160, 44816384, 44868608, 44920832, 44973056, 45025280, 45077504, 45129728, 45181952, 45234176, 45286400, 45338624, 45390848, 45443072, 45495296, 45547520, 45599744, 45652992, 45706240, 45758464, 45810688, 45862912, 45915136, 45967360, 46019584, 46072832, 46125056, 46178304, 46231552, 46284800, 46337024, 46389248, 46441472, 46493696, 46545920, 46599168, 46652416, 46705664, 46758912, 46812160, 46865408, 46917632, 46970880, 47023104, 47076352, 47128576, 47181824, 47235072, 47288320, 47341568, 47394816, 47447040, 47500288, 47553536, 47606784, 47660032, 47713280, 47766528, 47818752, 47872000, 47925248, 47978496, 48031744, 48084992, 48138240, 48191488, 48244736, 48297984, 48350208, 48403456, 48456704, 48509952, 48563200, 48616448, 48669696, 48722944, 48776192, 48829440, 48882688, 48935936, 48989184, 49042432, 49095680, 49148928, 49202176, 49255424, 49308672, 49361920, 49415168, 49468416, 49521664, 49574912, 49628160, 49681408, 49734656, 49787904, 49841152, 49894400, 49947648, 50000896, 50054144, 50107392, 50160640, 50213888, 50267136, 50320384, 50373632, 50426880, 50480128, 50533376, 50586624, 50639872, 50693120, 50746368, 50799616, 50852864, 50906112, 50959360, 51012608, 51065856, 51119104, 51173376, 51226624, 51279872, 51333120, 51386368, 51439616, 51492864, 51546112, 51599360, 51652608, 51705856, 51759104, 51812352, 51866624, 51919872, 51973120, 52026368, 52079616, 52132864, 52186112, 52240384, 52294656, 52347904, 52401152, 52454400, 52508672, 52562944, 52616192, 52669440, 52722688, 52776960, 52831232, 52885504, 52938752, 52992000, 53045248, 53098496, 53151744, 53204992, 53259264, 53313536, 53366784, 53421056, 53475328, 53528576, 53581824, 53635072, 53688320, 53742592, 53796864, 53851136, 53904384, 53958656, 54012928, 54067200, 54121472, 54175744, 54230016, 54284288, 54338560, 54392832, 54447104, 54501376, 54555648, 54609920, 54664192, 54718464, 54772736, 54827008, 54881280, 54935552, 54989824, 55044096, 55098368, 55152640, 55206912, 55261184, 55315456, 55369728, 55424000, 55478272, 55609344, 0, 0, 0, 0, 0, 0, 0, 0, 0, 0, 0, 0, 0, 0, 0, 0, 0, 0, 0, 0, 0, 0, 0, 0, 0, 0, 0, 0, 0, 0, 0, 0, 0, 0, 0, 0, 0, 0, 0, 0, 0, 0, 0, 0, 0, 0, 0, 0, 0, 0, 0, 0, 0, 0, 0, 0, 0, 0, 0, 0, 0, 0, 0, 0, 0, 0, 0, 0, 0, 0, 0, 0, 0, 0, 0, 0, 0, 0, 0, 0, 0, 0, 0, 0, 0, 0, 0, 0, 0, 0, 0, 0, 0, 0, 0, 0, 0, 0, 0, 0, 0, 0, 0, 0, 0, 0, 0, 0, 0, 0, 0, 0, 0, 0, 0, 0, 0, 0, 0, 0, 0, 0, 0, 0, 0, 0, 0, 0, 0, 0, 0, 0, 0, 0, 0, 0, 0, 0, 0, 0, 0, 0, 0, 0, 0, 0, 0, 0, 0, 0, 0, 0, 0, 0, 0, 0, 0, 0, 0, 0, 0, 0, 0, 0, 0, 0, 0, 0, 0, 0, 0, 0, 0, 0, 0, 0, 0, 0, 0, 0, 0, 0, 0, 0, 0, 0, 0, 0, 0, 0, 0, 0, 0, 0, 0, 0, 0, 0, 0, 0, 0, 0, 0, 0, 0, 0, 0, 0, 0, 0, 0, 0, 0, 0, 0, 0, 0, 0, 0, 0, 0, 0, 0, 0, 0, 0, 0, 0, 0, 0, 0, 0, 0, 0, 0, 0, 0, 0, 0, 0, 0, 0, 0, 0, 0, 0, 0, 0, 0, 0, 0, 0, 0, 0, 0, 0, 0, 0, 0, 0, 0, 0, 0, 0, 0, 0, 0, 0, 0, 0, 0, 0, 0, 0, 0, 0, 0, 0, 0, 0, 0, 0, 0, 0, 0, 0, 0, 0, 0, 0, 0, 0, 0, 0, 0, 0, 0, 0, 0, 0, 0, 0, 0, 0, 0, 0, 0, 0, 0, 0, 0, 0, 0, 0, 0, 0, 0, 0, 0, 0, 0, 0, 0, 0, 0, 0, 0, 0, 0, 0, 0, 0, 0, 0, 0, 0, 0, 0, 0, 0, 0, 0, 0, 0, 0, 0, 0, 0, 0, 0, 0, 0, 0, 0, 0, 0, 0, 0, 0, 0, 0, 0, 0, 0, 0, 0, 0, 0, 0, 0, 0, 0, 0, 0, 0, 0, 0, 0, 0, 0, 0, 0, 0, 0, 0, 0, 0, 0, 0, 0, 0, 0, 0, 0, 0, 0, 0, 0, 0, 0, 0, 0, 0, 0, 0, 0, 0, 0, 0, 0, 0, 0, 0, 0, 0, 0, 0, 0, 0, 0, 0, 0, 0, 0, 0, 0, 0, 0, 0, 0, 0, 0, 0, 0, 0, 0, 0, 0, 0, 0, 0, 0, 0, 0, 0, 0, 0, 0, 0, 0, 0, 0, 0, 0, 0, 0, 0, 0, 0, 0, 0, 0, 0, 0, 0, 0, 0, 0, 0, 0, 0, 0, 0, 0, 0, 0, 0, 0, 0, 0, 0, 0, 0, 0, 0, 0, 0, 0, 0, 0, 0, 0, 0, 0, 0, 0, 0, 0, 0, 0, 0, 0, 0, 0, 0, 0, 0, 0, 0, 0, 0, 0, 0, 0, 0, 0, 0, 0, 0, 0, 0, 0, 0, 0, 0, 0, 0, 0, 0, 0, 0, 0, 0, 0, 0, 0, 0, 0, 0, 0, 0, 0, 0, 0, 0, 0, 0, 0, 0, 0, 0, 0, 0, 0, 0, 0, 0, 0, 0, 0, 0, 0, 0, 0, 0, 0, 0, 0, 0, 0, 0, 0, 0, 0, 0, 0, 0, 0, 0, 0, 0, 0, 0, 0, 0, 0, 0, 0, 0, 0, 0, 0, 0, 0, 0, 0, 0, 0, 0, 0, 0, 0, 0, 0, 0, 0, 0, 0, 0, 0, 0, 0, 0, 0, 0, 0, 0, 0, 0, 0, 0, 0, 0, 0, 0, 0, 0, 0, 0, 0, 0, 0, 0, 0, 0, 0, 0, 0, 0, 0, 0, 0, 0, 0, 0, 0, 0, 0, 0, 0, 0, 0, 0, 0, 0, 0, 0, 0, 0, 0, 0, 0, 0, 0, 0, 0, 0, 0, 0, 0, 0, 0, 0, 0, 0, 0, 0, 0, 0, 0, 0, 0, 0, 0, 0, 0, 0, 0, 0, 0, 0, 0, 0, 0, 0, 0, 0, 0, 0, 0, 0, 0, 0, 0, 0, 0, 0, 0, 0, 0, 0, 0, 0, 0, 0, 0, 0, 0, 0, 0, 0, 0, 0, 0, 0, 0, 0, 0, 0, 0, 0, 0, 0, 0, 0, 0, 0, 0, 0, 0, 0, 0, 0, 0, 0, 0, 0, 0, 0, 0, 0, 0, 0, 0, 0, 0, 0, 0, 0, 0, 0, 0, 0, 0, 0, 0, 0, 0, 0, 0, 0, 0, 0, 0, 0, 0, 0, 0, 0, 0, 0, 0, 0, 0, 0, 0, 0, 0, 0, 0, 0, 0, 0, 0, 0, 0, 0, 0, 0, 0, 0, 0, 0, 0, 0, 0, 0, 0, 0, 0, 0, 0, 0, 0, 0, 0, 0, 0, 0, 0, 0, 0, 0, 0, 0, 0, 0, 0, 0, 0, 0, 0, 0, 0, 0, 0, 0, 0, 0, 0, 0, 0, 0, 0, 0, 0, 0, 0, 0, 0, 0, 0, 0, 0, 0, 0, 0, 0, 0, 0, 0, 0, 0, 0, 0, 0, 0, 0, 0, 0, 0, 0, 0, 0, 0, 0, 0, 0, 0, 0, 0, 0, 0, 0, 0, 0, 0, 0, 0, 0, 0, 0, 0, 0, 0, 0, 0, 0, 0, 0, 0, 0, 0, 0, 0, 0, 0, 0, 0, 0, 0, 0, 0, 0, 0, 0, 0, 0, 0, 0, 0, 0, 0, 0, 0, 0, 0, 0, 0, 0, 0, 0, 0, 0, 0, 0, 0, 0, 0, 0, 0, 0, 0, 0, 0, 0, 0, 0, 0, 0, 0, 0, 0, 0, 0, 0, 0, 0, 0, 0, 0, 0, 0, 0, 0, 0, 0, 0, 0, 0, 0, 0, 0, 0, 0, 0, 0, 0, 0, 0, 0, 0, 0, 0, 0, 0, 0, 0, 0, 0, 0, 0, 0, 0, 0, 0, 0, 0, 0, 0, 0, 0, 0, 0, 0, 0, 0, 0, 0, 0, 0, 0, 0, 0, 0, 0, 0, 0, 0, 0, 0, 0, 0, 0, 0, 0, 0, 0, 0, 0, 0, 0, 0, 0, 0, 0, 0, 0, 0, 0, 0, 0, 0, 0, 0, 0, 0, 0, 0, 0, 0, 0, 0, 0, 0, 0, 0, 0, 0, 0, 0, 0, 0, 0, 0, 0, 0, 0, 0, 0, 0, 0, 0, 0, 0, 0, 0, 0, 0, 0, 0, 0, 0, 0, 0, 0, 0, 0, 0, 0, 0, 0, 0, 0, 0, 0, 0, 0, 0, 0, 0, 0, 0, 0, 0, 0, 0, 0, 0, 0, 0, 0, 0, 0, 0, 0, 0, 0, 0, 0, 0, 0, 0, 0, 0, 0, 0, 0, 0, 0, 0, 0, 0, 0, 0, 0, 0, 0, 0, 0, 0, 0, 0, 0, 0, 0, 0, 0, 0, 0, 0, 0, 0, 0, 0, 0, 0, 0, 0, 0, 0, 0, 0, 0, 0, 0, 0, 0, 0, 0, 0, 0, 0, 0, 0, 0, 0, 0, 0, 0, 0, 0, 0, 0, 0, 0, 0, 0, 0, 0, 0, 0, 0, 0, 0, 0, 0, 0, 0, 0, 0, 0, 0, 0, 0, 0, 0, 0, 0, 0, 0, 0, 0, 0, 0, 0, 0, 0, 0, 0, 0, 0, 0, 0, 0, 0, 0, 0, 0, 0, 0, 0, 0, 0, 0, 0, 0, 0, 0, 0, 0, 0, 0, 0, 0, 0, 0, 0, 0, 0, 0, 0, 0, 0, 0, 0, 0, 0, 0, 0, 0, 0, 0, 0, 0, 0, 0, 0, 0, 0, 0, 0, 0, 0, 0, 0, 0, 0, 0, 0, 0, 0, 0, 0, 0, 0, 0, 0, 0, 0, 0, 0, 0, 0, 0, 0, 0, 0, 0, 0, 0, 0, 0, 0, 0, 0, 0, 0, 0, 0, 0, 0, 0, 0, 0, 0, 0, 0, 0, 0, 0, 0, 0, 0, 0, 0, 0, 0, 0, 0, 0, 0, 0, 0, 0, 0, 0, 0, 0, 0, 0, 0, 0, 0, 0, 0, 0, 0, 0, 0, 0, 0, 0, 0, 0, 0, 0, 0, 0, 0, 0, 0, 0, 0, 0, 0, 0, 0, 0, 0, 0, 0, 0, 0, 0, 0, 0, 0, 0, 0, 0, 0, 0, 0, 0, 0, 0, 0, 0, 0, 0, 0, 0, 0, 0, 0, 0, 0, 0, 0, 0, 0, 0, 0, 0, 0, 0, 0, 0, 0, 0, 0, 0, 0, 0, 0, 0, 0, 0, 0, 0, 0, 0, 0, 0, 0, 0, 0, 0, 0, 0, 0, 0, 0, 0, 0, 0, 0, 0, 0, 0, 0, 0, 0, 0, 0, 0, 0, 0, 0, 0, 0, 0, 0, 0, 0, 0, 0, 0, 0, 0, 0, 0, 0, 0, 0, 0, 0, 0, 0, 0, 0, 0, 0, 0, 0, 0, 0, 0, 0, 0, 0, 0, 0, 0, 0, 0, 0, 0, 0, 0, 0, 0, 0, 0, 0, 0, 0, 0, 0, 0, 0, 0, 0, 0, 0, 0, 0, 0, 0, 0, 0, 0, 0, 0, 0, 0, 0, 0, 0, 0, 0, 0, 0, 0, 0, 0, 0, 0, 0, 0, 0, 0, 0, 0, 0, 0, 0, 0, 0, 0, 0, 0, 0, 0, 0, 0, 0, 0, 0, 0, 0, 0, 0, 0, 0, 0, 0, 0, 0, 0, 0, 0, 0, 0, 0, 0, 0, 0, 0, 0, 0, 0, 0, 0, 0, 0, 0, 0, 0, 0, 0, 0, 0, 0, 0, 0, 0, 0, 0, 0, 0, 0, 0, 0, 0, 0, 0, 0, 0, 0, 0, 0, 0, 0, 0, 0, 0, 0, 0, 0, 0, 0, 0, 0, 0, 0, 0, 0, 0, 0, 0, 0, 0, 0, 0, 0, 0, 0, 0, 0, 0, 0, 0, 0, 0, 0, 0, 0, 0, 0, 0, 0, 0, 0, 0, 0, 0, 0, 0, 0, 0, 0, 0, 0, 0, 0, 0, 0, 0, 0, 0, 0, 0, 0, 0, 0, 0, 0, 0, 0, 0, 0, 0, 0, 0, 0, 0, 0, 0, 0, 0, 0, 0, 0, 0, 0, 0, 0, 0, 0, 0, 0, 0, 0, 0, 0, 0, 0, 0, 0, 0, 0, 0, 0, 0, 0, 0, 0, 0, 0, 0, 0, 0, 0, 0, 0, 0, 0, 0, 0, 0, 0, 0, 0, 0, 0, 0, 0, 0, 0, 0, 0, 0, 0, 0, 0, 0, 0, 0, 0, 0, 0, 0, 0, 0, 0, 0, 0, 0, 0, 0, 0, 0, 0, 0, 0, 0, 0, 0, 0, 0, 0, 0, 0, 0, 0, 0, 0, 0, 0, 0, 0, 0, 0, 0, 0, 0, 0, 0, 0, 0, 0, 0, 0, 0, 0, 0, 0, 0, 0, 0, 0, 0, 0, 0, 0, 0, 0, 0, 0, 0, 0, 0, 0, 0, 0, 0, 0, 0, 0, 0, 0, 0, 0, 0, 0, 0, 0, 0, 0, 0, 0, 0, 0, 0, 0, 0, 0, 0, 0, 0, 0, 0, 0, 0, 0, 0, 0, 0, 0, 0, 0, 0, 0, 0, 0, 0, 0, 0, 0, 0, 0, 0, 0, 0, 0, 0, 0, 0, 0, 0, 0, 0, 0, 0, 0, 0, 0, 0, 0, 0, 0, 0, 0, 0, 0, 0, 0, 0, 0, 0, 0, 0, 0, 0, 0, 0, 0, 0, 0, 0, 0, 0, 0, 0, 0, 0, 0, 0, 0, 0, 0, 0, 0, 0, 0, 0, 0, 0, 0, 0, 0, 0, 0, 0, 0, 0, 0, 0, 0, 0, 0, 0, 0, 0, 0, 0, 0, 0, 0, 0, 0, 0, 0, 0, 0, 0, 0, 0, 0, 0, 0, 0, 0, 0, 0, 0, 0, 0, 0, 0, 0, 0, 0, 0, 0, 0, 0, 0, 0, 0, 0, 0, 0, 0, 0, 0, 0, 0, 0, 0, 0, 0, 0, 0, 0, 0, 0, 0, 0, 0, 0, 0, 0, 0, 0, 0, 0, 0, 0, 0, 0, 0, 0, 0, 0, 0, 0, 0, 0, 0, 0, 0, 0, 0, 0, 0, 0, 0, 0, 0, 0, 0, 0, 0, 0, 0, 0, 0, 0, 0, 0, 0, 0, 0, 0, 0, 0, 0, 0, 0, 0, 0, 0, 0, 0, 0, 0, 0, 0, 0, 0, 0, 0, 0, 0, 0, 0, 0, 0, 0, 0, 0, 0, 0, 0, 0, 0, 0, 0, 0, 0, 0, 0, 0, 0, 0, 0, 0, 0, 0, 0, 0, 0, 0, 0, 0, 0, 0, 0, 0, 0, 0, 0, 0, 0, 0, 0, 0, 0, 0, 0, 0, 0, 0, 0, 0, 0, 0, 0, 0, 0, 0, 0, 0, 0, 0, 0, 0, 0, 0, 0, 0, 0, 0, 0, 0, 0, 0, 0, 0, 0, 0, 0, 0, 0, 0, 0, 0, 0, 0, 0, 0, 0, 0, 0, 0, 0, 0, 0, 0, 0, 0, 0, 0, 0, 0, 0, 0, 0, 0, 0, 0, 0, 0, 0, 0, 0, 0, 0, 0, 0, 0, 0, 0, 0, 0, 0, 0, 0, 0, 0, 0, 0, 0, 0, 0, 0, 0, 0, 0, 0, 0, 0, 0, 0, 0, 0, 0, 0, 0, 0, 0, 0, 0, 0, 0, 0, 0, 0, 0, 0, 0, 0, 0, 0, 0, 0, 0, 0, 0, 0, 0, 0, 0, 0, 0, 0, 0, 0, 0, 0, 0, 0, 0, 0, 0, 0, 0, 0, 0, 0, 0, 0, 0, 0, 0, 0, 0, 0, 0, 0, 0, 0, 0, 0, 0, 0, 0, 0, 0, 0, 0, 0, 0, 0, 0, 0, 0, 0, 0, 0, 0, 0, 0, 0, 0, 0, 0, 0, 0, 0, 0, 0, 0, 0, 0, 0, 0, 0, 0, 0, 0, 0, 0, 0, 0, 0, 0, 0, 0, 0, 0, 0, 0, 0, 0, 0, 0, 0, 0, 0, 0, 0, 0, 0, 0, 0, 0, 0, 0, 0, 0, 0, 0, 0, 0, 0, 0, 0, 0, 0, 0, 0, 0, 0, 0, 0, 0, 0, 0, 0, 0, 0, 0, 0, 0, 0, 0, 0, 0, 0, 0, 0, 0, 0, 0, 0, 0, 0, 0, 0, 0, 0, 0, 0, 0, 0, 0, 0, 0, 0, 0, 0, 0, 0, 0, 0, 0, 0, 0, 0, 0, 0, 0, 0, 0, 0, 0, 0, 0, 0, 0, 0, 0, 0, 0, 0, 0, 0, 0, 0, 0, 0, 0, 0, 0, 0, 0, 0, 0, 0, 0, 0, 0, 0, 0, 0, 0, 0, 0, 0, 0, 0, 0, 0, 0, 0, 0, 0, 0, 0, 0, 0, 0, 0, 0, 0, 0, 0, 0, 0, 0, 0, 0, 0, 0, 0, 0, 0, 0, 0, 0, 0, 0, 0, 0, 0, 0, 0, 0, 0, 0, 0, 0, 0, 0, 0, 0, 0, 0, 0, 0, 0, 0, 0, 0, 0, 0, 0, 0, 0, 0, 0, 0, 0, 0, 0, 0, 0, 0, 0, 0, 0, 0, 0, 0, 0, 0, 0, 0, 0, 0, 0, 0, 0, 0, 0, 0, 0, 0, 0, 0, 0, 0, 0, 0, 0, 0, 0, 0, 0, 0, 0, 0, 0, 0, 0, 0, 0, 0, 0, 0, 0, 0, 0, 0, 0, 0, 0, 0, 0, 0, 0, 0, 0, 0, 0, 0, 0, 0, 0, 0, 0, 0, 0, 0, 0, 0, 0, 0, 0, 0, 0, 0, 0, 0, 0, 0, 0, 0, 0, 0, 0, 0, 0, 0, 0, 0, 0, 0, 0, 0, 0, 0, 0, 0, 0, 0, 0, 0, 0, 0, 0, 0, 0, 0, 0, 0, 0, 0, 0, 0, 0, 0, 0, 0, 0, 0, 0, 0, 0, 0, 0, 0, 0, 0, 0, 0, 0, 0, 0, 0, 0, 0, 0, 0, 0, 0, 0, 0, 0, 0, 0, 0, 0, 0, 0, 0, 0, 0, 0, 0, 0, 0, 0, 0, 0, 0, 0, 0, 0, 0, 0, 0, 0, 0, 0, 0, 0, 0, 0, 0, 0, 0, 0, 0, 0, 0, 0, 0, 0, 0, 0, 0, 0, 0, 0, 0, 0, 0, 0, 0, 0, 0, 0, 0, 0, 0, 0, 0, 0, 0, 0, 0, 0, 0, 0, 0, 0, 0, 0, 0, 0, 0, 0, 0, 0, 0, 0, 0, 0, 0, 0, 0, 0, 0, 0, 0, 0, 0, 0, 0, 0, 0, 0, 0, 0, 0, 0, 0, 0, 0, 0, 0, 0, 0, 0, 0, 0, 0, 0, 0, 0, 0, 0, 0, 0, 0, 0, 0, 0, 0, 0, 0, 0, 0, 0, 0, 0, 0, 0, 0, 0, 0, 0, 0, 0, 0, 0, 0, 0, 0, 0, 0, 0, 0, 0, 0, 0, 0, 0, 0, 0, 0, 0, 0, 0, 0, 0, 0, 0, 0, 0, 0, 0, 0, 0, 0, 0, 0, 0, 0, 0, 0, 0, 0, 0, 0, 0, 0, 0, 0, 0, 0, 0, 0, 0, 0, 0, 0, 0, 0, 0, 0, 0, 0, 0, 0, 0, 0, 0, 0, 0, 0, 0, 0, 0, 0, 0, 0, 0, 0, 0, 0, 0, 0, 0, 0, 0, 0, 0, 0, 0, 0, 0, 0, 0, 0, 0, 0, 0, 0, 0, 0, 0, 0, 0, 0, 0, 0, 0, 0, 0, 0, 0, 0, 0, 0, 0, 0, 0, 0, 0, 0, 0, 0, 0, 0, 0, 0, 0, 0, 0, 0, 0, 0, 0, 0, 0, 0]
[0, 40, 81, 122, 163, 204, 245, 286, 327, 369, 411, 452, 492, 533, 575, 617, 658, 700, 742, 784, 825, 866, 908, 950, 992, 1034, 1075, 1117, 1159, 1200, 1242, 1284, 1325, 1367, 1408, 1449, 1491, 1532, 1573, 1615, 1656, 1697, 1738, 1779, 1821, 1862, 1903, 1944, 1986, 2027, 2068, 2109, 2150, 2191, 2232, 2273, 2314, 2355, 2396, 2437, 2479, 2521, 2563, 2604, 2646, 2688, 2730, 2771, 2813, 2855, 2897, 2939, 2980, 3022, 3064, 3106, 3147, 3188, 3230, 3272, 3313, 3355, 3397, 3438, 3479, 3521, 3562, 3603, 3645, 3686, 3727, 3768, 3810, 3851, 3892, 3933, 3975, 4016, 4057, 4098, 4139, 4181, 4221, 4263, 4304, 4345, 4386, 4428, 4470, 4512, 4554, 4596, 4637, 4679, 4721, 4763, 4804, 4846, 4888, 4929, 4971, 5013, 5054, 5096, 5138, 5180, 5221, 5263, 5304, 5346, 5387, 5429, 5471, 5512, 5553, 5595, 5636, 5678, 5719, 5760, 5801, 5842, 5883, 5925, 5966, 6007, 6049, 6090, 6131, 6171, 6213, 6254, 6295, 6336, 6377, 6418, 6460, 6501, 6542, 6583, 6625, 6668, 6709, 6751, 6793, 6835, 6877, 6919, 6961, 7002, 7044, 7086, 7127, 7169, 7211, 7252, 7294, 7336, 7377, 7419, 7460, 7502, 7543, 7585, 7627, 7668, 7710, 7751, 7793, 7834, 7875, 7916, 7958, 7999, 8040, 8081, 8123, 8164, 8204, 8246, 8287, 8328, 8369, 8410, 8451, 8493, 8535, 8577, 8619, 8661, 8703, 8744, 8786, 8828, 8870, 8911, 8954, 8996, 9038, 9079, 9121, 9163, 9204, 9246, 9288, 9330, 9371, 9413, 9454, 9496, 9537, 9579, 9620, 9662, 9704, 9745, 9786, 9828, 9869, 9910, 9952, 9993, 10035, 10076, 10117, 10158, 10200, 10241, 10282, 10323, 10364, 10406, 10447, 10489, 10530, 10571, 10612, 10653, 10695, 10736, 10778, 10820, 10862, 10903, 10945, 10987, 11028, 11070, 11112, 11154, 11195, 11237, 11279, 11321, 11362, 11403, 11445, 11486, 11528, 11570, 11612, 11654, 11695, 11736, 11778, 11819, 11861, 11902, 11943, 11985, 12026, 12067, 12108, 12149, 12190, 12231, 12272, 12314, 12355, 12396, 12437, 12478, 12519, 12560, 12601, 12644, 12685, 12727, 12769, 12811, 12853, 12895, 12936, 12978, 13020, 13062, 13104, 13145, 13186, 13228, 13270, 13311, 13353, 13395, 13436, 13478, 13519, 13561, 13603, 13644, 13686, 13728, 13769, 13810, 13851, 13893, 13935, 13976, 14017, 14059, 14100, 14141, 14182, 14223, 14265, 14305, 14347, 14388, 14429, 14471, 14512, 14553, 14594, 14636, 14677, 14719, 14761, 14803, 14845, 14887, 14928, 14970, 15012, 15054, 15096, 15138, 15180, 15221, 15263, 15305, 15346, 15388, 15430, 15472, 15514, 15555, 15597, 15638, 15680, 15722, 15764, 15805, 15847, 15888, 15930, 15971, 16013, 16054, 16095, 16137, 16178, 16220, 16261, 16302, 16343, 16385, 16426, 16468, 16509, 16550, 16591, 16632, 16673, 16714, 16755, 16797, 16838, 16879, 16920, 16961, 17003, 17044, 17085, 17126, 17167, 17209, 17251, 17293, 17335, 17376, 17418, 17459, 17501, 17543, 17585, 17626, 17668, 17710, 17751, 17793, 17835, 17876, 17918, 17959, 18001, 18042, 18084, 18125, 18167, 18209, 18250, 18291, 18333, 18374, 18415, 18457, 18498, 18540, 18581, 18622, 18664, 18705, 18746, 18787, 18829, 18870, 18911, 18952, 18993, 19034, 19076, 19117, 19158, 19199, 19241, 19282, 19323, 19364, 19406, 19447, 19489, 19530, 19572, 19614, 19656, 19697, 19739, 19781, 19823, 19864, 19906, 19948, 19990, 20031, 20073, 20115, 20156, 20198, 20240, 20282, 20323, 20365, 20407, 20448, 20489, 20531, 20572, 20614, 20656, 20697, 20738, 20780, 20821, 20862, 20904, 20945, 20986, 21028, 21069, 21110, 21152, 21193, 21235, 21276, 21317, 21359, 21401, 21443, 21485, 21527, 21568, 21610, 21652, 21693, 21735, 21777, 21819, 21861, 21903, 21945, 21987, 22028, 22070, 22112, 22153, 22195, 22237, 22279, 22320, 22362, 22403, 22445, 22487, 22528, 22570, 22612, 22654, 22695, 22737, 22778, 22820, 22861, 22903, 22944, 22985, 23027, 23068, 23109, 23151, 23193, 23234, 23275, 23316, 23358, 23399, 23441, 23482, 23523, 23565, 23606, 23647, 23688, 23730, 23771, 23812, 23853, 23895, 23936, 23978, 24019, 24060, 24103, 24144, 24186, 24227, 24268, 24309, 24351, 24393, 24435, 24477, 24518, 24560, 24602, 24644, 24686, 24727, 24769, 24811, 24853, 24895, 24937, 24978, 25020, 25061, 25103, 25144, 25186, 25228, 25270, 25311, 25352, 25394, 25435, 25477, 25518, 25560, 25601, 25642, 25684, 25725, 25767, 25808, 25849, 25891, 25932, 25973, 26015, 26056, 26097, 26139, 26181, 26223, 26264, 26305, 26347, 26388, 26430, 26472, 26514, 26555, 26598, 26639, 26681, 26723, 26765, 26807, 26849, 26890, 26932, 26974, 27016, 27057, 27099, 27141, 27182, 27224, 27265, 27307, 27349, 27391, 27433, 27475, 27516, 27558, 27599, 27641, 27683, 27724, 27766, 27807, 27849, 27890, 27932, 27973, 28014, 28056, 28097, 28139, 28181, 28222, 28264, 28305, 28346, 28388, 28429, 28470, 28511, 28552, 28594, 28635, 28676, 28718, 28759, 28800, 28842, 28884, 28926, 28968, 29010, 29052, 29093, 29134, 29175, 29217, 29258, 29300, 29341, 29383, 29425, 29467, 29508, 29550, 29592, 29634, 29676, 29718, 29760, 29801, 29843, 29885, 29927, 29968, 30010, 30052, 30093, 30135, 30176, 30218, 30260, 30301, 30343, 30385, 30426, 30467, 30509, 30551, 30592, 30634, 30676, 30717, 30758, 30800, 30841, 30883, 30924, 30966, 31007, 31048, 31090, 31131, 31173, 31214, 31256, 31298, 31339, 31380, 31421, 31462, 31504, 31546, 31586, 31628, 31669, 31711, 31752, 31793, 31835, 31875, 31917, 31959, 32000, 32041, 32083, 32124, 32166, 32208, 32250, 32292, 32334, 32376, 32418, 32460, 32502, 32543, 32585, 32627, 32669, 32711, 32752, 32794, 32836, 32878, 32920, 32962, 33004, 33045, 33087, 33129, 33171, 33212, 33254, 33296, 33337, 33379, 33420, 33462, 33504, 33545, 33587, 33629, 33671, 33712, 33754, 33796, 33837, 33879, 33920, 33962, 34003, 34045, 34086, 34127, 34169, 34210, 34252, 34294, 34335, 34377, 34418, 34460, 34501, 34542, 34584, 34626, 34666, 34708, 34749, 34790, 34832, 34873, 34914, 34955, 34997, 35038, 35079, 35121, 35162, 35203, 35244, 35286, 35327, 35368, 35410, 35452, 35493, 35535, 35577, 35619, 35661, 35702, 35744, 35786, 35828, 35870, 35912, 35954, 35996, 36037, 36079, 36120, 36162, 36204, 36246, 36288, 36330, 36371, 36413, 36455, 36496, 36538, 36580, 36621, 36663, 36705, 36747, 36788, 36830, 36872, 36913, 36955, 36997, 37038, 37080, 37121, 37163, 37204, 37246, 37287, 37329, 37370, 37412, 37454, 37495, 37537, 37578, 37620, 37661, 37703, 37744, 37785, 37827, 37868, 37910, 37951, 37992, 38034, 38075, 38116, 38158, 38200, 38241, 38283, 38324, 38365, 38407, 38449, 38491, 38533, 38575, 38616, 38657, 38698, 38740, 38781, 38822, 38863, 38905, 38947, 38989, 39030, 39071, 39112, 39154, 39195, 39237, 39278, 39320, 39361, 39403, 39444, 39485, 39527, 39569, 39610, 39651, 39693, 39735, 39776, 39818, 39860, 39902, 39944, 39986, 40028, 40069, 40111, 40153, 40195, 40236, 40278, 40319, 40361, 40403, 40445, 40486, 40528, 40570, 40612, 40653, 40695, 40736, 40778, 40820, 40861, 40902, 40944, 40986, 41027, 41069, 41111, 41152, 41194, 41236, 41277, 41319, 41361, 41402, 41443, 41485, 41527, 41568, 41610, 41651, 41693, 41734, 41776, 41817, 41859, 41900, 41942, 41984, 42025, 42066, 42107, 42149, 42191, 42232, 42274, 42316, 42357, 42398, 42440, 42481, 42522, 42564, 42605, 42647, 42689, 42731, 42772, 42814, 42855, 42896, 42937, 42979, 43021, 43063, 43104, 43146, 43188, 43230, 43271, 43313, 43355, 43396, 43438, 43480, 43522, 43563, 43605, 43647, 43688, 43730, 43772, 43814, 43856, 43898, 43939, 43981, 44023, 44065, 44106, 44148, 44189, 44231, 44273, 44315, 44356, 44398, 44439, 44481, 44523, 44565, 44606, 44648, 44689, 44730, 44772, 44813, 44855, 44896, 44938, 44979, 45021, 45063, 45104, 45146, 45187, 45228, 45270, 45311, 45352, 45394, 45435, 45477, 45518, 45559, 45601, 45642, 45683, 45725, 45766, 45808, 45849, 45890, 45932, 45973, 46015, 46056, 46097, 46139, 46181, 46222, 46264, 46305, 46346, 46387, 46429, 46470, 46511, 46553, 46595, 46636, 46677, 46719, 46760, 46801, 46843, 46884, 46925, 46967, 47008, 47049, 47090, 47132, 47174, 47215, 47256, 47298, 47339, 47380, 47422, 47464, 47505, 47547, 47588, 47630, 47672, 47713, 47754, 47796, 47838, 47880, 47922, 47963, 48004, 48045, 48087, 48128, 48170, 48211, 48253, 48295, 48337, 48378, 48420, 48461, 48502, 48544, 48586, 48627, 48669, 48711, 48753, 48794, 48836, 48878, 48920, 48962, 49004, 49045, 49087, 49129, 49170, 49212, 49254, 49296, 49338, 49379, 49420, 49462, 49504, 49546, 49587, 49629, 49671, 49712, 49754, 49795, 49837, 49879, 49920, 49920, 0, 0, 0, 0, 0, 0, 0, 0, 0, 0, 0, 0, 0, 0, 0, 0, 0, 0, 0, 0, 0, 0, 0, 0, 0, 0, 0, 0, 0, 0, 0, 0, 0, 0, 0, 0, 0, 0, 0, 0, 0, 0, 0, 0, 0, 0, 0, 0, 0, 0, 0, 0, 0, 0, 0, 0, 0, 0, 0, 0, 0, 0, 0, 0, 0, 0, 0, 0, 0, 0, 0, 0, 0, 0, 0, 0, 0, 0, 0, 0, 0, 0, 0, 0, 0, 0, 0, 0, 0, 0, 0, 0, 0, 0, 0, 0, 0, 0, 0, 0, 0, 0, 0, 0, 0, 0, 0, 0, 0, 0, 0, 0, 0, 0, 0, 0, 0, 0, 0, 0, 0, 0, 0, 0, 0, 0, 0, 0, 0, 0, 0, 0, 0, 0, 0, 0, 0, 0, 0, 0, 0, 0, 0, 0, 0, 0, 0, 0, 0, 0, 0, 0, 0, 0, 0, 0, 0, 0, 0, 0, 0, 0, 0, 0, 0, 0, 0, 0, 0, 0, 0, 0, 0, 0, 0, 0, 0, 0, 0, 0, 0, 0, 0, 0, 0, 0, 0, 0, 0, 0, 0, 0, 0, 0, 0, 0, 0, 0, 0, 0, 0, 0, 0, 0, 0, 0, 0, 0, 0, 0, 0, 0, 0, 0, 0, 0, 0, 0, 0, 0, 0, 0, 0, 0, 0, 0, 0, 0, 0, 0, 0, 0, 0, 0, 0, 0, 0, 0, 0, 0, 0, 0, 0, 0, 0, 0, 0, 0, 0, 0, 0, 0, 0, 0, 0, 0, 0, 0, 0, 0, 0, 0, 0, 0, 0, 0, 0, 0, 0, 0, 0, 0, 0, 0, 0, 0, 0, 0, 0, 0, 0, 0, 0, 0, 0, 0, 0, 0, 0, 0, 0, 0, 0, 0, 0, 0, 0, 0, 0, 0, 0, 0, 0, 0, 0, 0, 0, 0, 0, 0, 0, 0, 0, 0, 0, 0, 0, 0, 0, 0, 0, 0, 0, 0, 0, 0, 0, 0, 0, 0, 0, 0, 0, 0, 0, 0, 0, 0, 0, 0, 0, 0, 0, 0, 0, 0, 0, 0, 0, 0, 0, 0, 0, 0, 0, 0, 0, 0, 0, 0, 0, 0, 0, 0, 0, 0, 0, 0, 0, 0, 0, 0, 0, 0, 0, 0, 0, 0, 0, 0, 0, 0, 0, 0, 0, 0, 0, 0, 0, 0, 0, 0, 0, 0, 0, 0, 0, 0, 0, 0, 0, 0, 0, 0, 0, 0, 0, 0, 0, 0, 0, 0, 0, 0, 0, 0, 0, 0, 0, 0, 0, 0, 0, 0, 0, 0, 0, 0, 0, 0, 0, 0, 0, 0, 0, 0, 0, 0, 0, 0, 0, 0, 0, 0, 0, 0, 0, 0, 0, 0, 0, 0, 0, 0, 0, 0, 0, 0, 0, 0, 0, 0, 0, 0, 0, 0, 0, 0, 0, 0, 0, 0, 0, 0, 0, 0, 0, 0, 0, 0, 0, 0, 0, 0, 0, 0, 0, 0, 0, 0, 0, 0, 0, 0, 0, 0, 0, 0, 0, 0, 0, 0, 0, 0, 0, 0, 0, 0, 0, 0, 0, 0, 0, 0, 0, 0, 0, 0, 0, 0, 0, 0, 0, 0, 0, 0, 0, 0, 0, 0, 0, 0, 0, 0, 0, 0, 0, 0, 0, 0, 0, 0, 0, 0, 0, 0, 0, 0, 0, 0, 0, 0, 0, 0, 0, 0, 0, 0, 0, 0, 0, 0, 0, 0, 0, 0, 0, 0, 0, 0, 0, 0, 0, 0, 0, 0, 0, 0, 0, 0, 0, 0, 0, 0, 0, 0, 0, 0, 0, 0, 0, 0, 0, 0, 0, 0, 0, 0, 0, 0, 0, 0, 0, 0, 0, 0, 0, 0, 0, 0, 0, 0, 0, 0, 0, 0, 0, 0, 0, 0, 0, 0, 0, 0, 0, 0, 0, 0, 0, 0, 0, 0, 0, 0, 0, 0, 0, 0, 0, 0, 0, 0, 0, 0, 0, 0, 0, 0, 0, 0, 0, 0, 0, 0, 0, 0, 0, 0, 0, 0, 0, 0, 0, 0, 0, 0, 0, 0, 0, 0, 0, 0, 0, 0, 0, 0, 0, 0, 0, 0, 0, 0, 0, 0, 0, 0, 0, 0, 0, 0, 0, 0, 0, 0, 0, 0, 0, 0, 0, 0, 0, 0, 0, 0, 0, 0, 0, 0, 0, 0, 0, 0, 0, 0, 0, 0, 0, 0, 0, 0, 0, 0, 0, 0, 0, 0, 0, 0, 0, 0, 0, 0, 0, 0, 0, 0, 0, 0, 0, 0, 0, 0, 0, 0, 0, 0, 0, 0, 0, 0, 0, 0, 0, 0, 0, 0, 0, 0, 0, 0, 0, 0, 0, 0, 0, 0, 0, 0, 0, 0, 0, 0, 0, 0, 0, 0, 0, 0, 0, 0, 0, 0, 0, 0, 0, 0, 0, 0, 0, 0, 0, 0, 0, 0, 0, 0, 0, 0, 0, 0, 0, 0, 0, 0, 0, 0, 0, 0, 0, 0, 0, 0, 0, 0, 0, 0, 0, 0, 0, 0, 0, 0, 0, 0, 0, 0, 0, 0, 0, 0, 0, 0, 0, 0, 0, 0, 0, 0, 0, 0, 0, 0, 0, 0, 0, 0, 0, 0, 0, 0, 0, 0, 0, 0, 0, 0, 0, 0, 0, 0, 0, 0, 0, 0, 0, 0, 0, 0, 0, 0, 0, 0, 0, 0, 0, 0, 0, 0, 0, 0, 0, 0, 0, 0, 0, 0, 0, 0, 0, 0, 0, 0, 0, 0, 0, 0, 0, 0, 0, 0, 0, 0, 0, 0, 0, 0, 0, 0, 0, 0, 0, 0, 0, 0, 0, 0, 0, 0, 0, 0, 0, 0, 0, 0, 0, 0, 0, 0, 0, 0, 0, 0, 0, 0, 0, 0, 0, 0, 0, 0, 0, 0, 0, 0, 0, 0, 0, 0, 0, 0, 0, 0, 0, 0, 0, 0, 0, 0, 0, 0, 0, 0, 0, 0, 0, 0, 0, 0, 0, 0, 0, 0, 0, 0, 0, 0, 0, 0, 0, 0, 0, 0, 0, 0, 0, 0, 0, 0, 0, 0, 0, 0, 0, 0, 0, 0, 0, 0, 0, 0, 0, 0, 0, 0, 0, 0, 0, 0, 0, 0, 0, 0, 0, 0, 0, 0, 0, 0, 0, 0, 0, 0, 0, 0, 0, 0, 0, 0, 0, 0, 0, 0, 0, 0, 0, 0, 0, 0, 0, 0, 0, 0, 0, 0, 0, 0, 0, 0, 0, 0, 0, 0, 0, 0, 0, 0, 0, 0, 0, 0, 0, 0, 0, 0, 0, 0, 0, 0, 0, 0, 0, 0, 0, 0, 0, 0, 0, 0, 0, 0, 0, 0, 0, 0, 0, 0, 0, 0, 0, 0, 0, 0, 0, 0, 0, 0, 0, 0, 0, 0, 0, 0, 0, 0, 0, 0, 0, 0, 0, 0, 0, 0, 0, 0, 0, 0, 0, 0, 0, 0, 0, 0, 0, 0, 0, 0, 0, 0, 0, 0, 0, 0, 0, 0, 0, 0, 0, 0, 0, 0, 0, 0, 0, 0, 0, 0, 0, 0, 0, 0, 0, 0, 0, 0, 0, 0, 0, 0, 0, 0, 0, 0, 0, 0, 0, 0, 0, 0, 0, 0, 0, 0, 0, 0, 0, 0, 0, 0, 0, 0, 0, 0, 0, 0, 0, 0, 0, 0, 0, 0, 0, 0, 0, 0, 0, 0, 0, 0, 0, 0, 0, 0, 0, 0, 0, 0, 0, 0, 0, 0, 0, 0, 0, 0, 0, 0, 0, 0, 0, 0, 0, 0, 0, 0, 0, 0, 0, 0, 0, 0, 0, 0, 0, 0, 0, 0, 0, 0, 0, 0, 0, 0, 0, 0, 0, 0, 0, 0, 0, 0, 0, 0, 0, 0, 0, 0, 0, 0, 0, 0, 0, 0, 0, 0, 0, 0, 0, 0, 0, 0, 0, 0, 0, 0, 0, 0, 0, 0, 0, 0, 0, 0, 0, 0, 0, 0, 0, 0, 0, 0, 0, 0, 0, 0, 0, 0, 0, 0, 0, 0, 0, 0, 0, 0, 0, 0, 0, 0, 0, 0, 0, 0, 0, 0, 0, 0, 0, 0, 0, 0, 0, 0, 0, 0, 0, 0, 0, 0, 0, 0, 0, 0, 0, 0, 0, 0, 0, 0, 0, 0, 0, 0, 0, 0, 0, 0, 0, 0, 0, 0, 0, 0, 0, 0, 0, 0, 0, 0, 0, 0, 0, 0, 0, 0, 0, 0, 0, 0, 0, 0, 0, 0, 0, 0, 0, 0, 0, 0, 0, 0, 0, 0, 0, 0, 0, 0, 0, 0, 0, 0, 0, 0, 0, 0, 0, 0, 0, 0, 0, 0, 0, 0, 0, 0, 0, 0, 0, 0, 0, 0, 0, 0, 0, 0, 0, 0, 0, 0, 0, 0, 0, 0, 0, 0, 0, 0, 0, 0, 0, 0, 0, 0, 0, 0, 0, 0, 0, 0, 0, 0, 0, 0, 0, 0, 0, 0, 0, 0, 0, 0, 0, 0, 0, 0, 0, 0, 0, 0, 0, 0, 0, 0, 0, 0, 0, 0, 0, 0, 0, 0, 0, 0, 0, 0, 0, 0, 0, 0, 0, 0, 0, 0, 0, 0, 0, 0, 0, 0, 0, 0, 0, 0, 0, 0, 0, 0, 0, 0, 0, 0, 0, 0, 0, 0, 0, 0, 0, 0, 0, 0, 0, 0, 0, 0, 0, 0, 0, 0, 0, 0, 0, 0, 0, 0, 0, 0, 0, 0, 0, 0, 0, 0, 0, 0, 0, 0, 0, 0, 0, 0, 0, 0, 0, 0, 0, 0, 0, 0, 0, 0, 0, 0, 0, 0, 0, 0, 0, 0, 0, 0, 0, 0, 0, 0, 0, 0, 0, 0, 0, 0, 0, 0, 0, 0, 0, 0, 0, 0, 0, 0, 0, 0, 0, 0, 0, 0, 0, 0, 0, 0, 0, 0, 0, 0, 0, 0, 0, 0, 0, 0, 0, 0, 0, 0, 0, 0, 0, 0, 0, 0, 0, 0, 0, 0, 0, 0, 0, 0, 0, 0, 0, 0, 0, 0, 0, 0, 0, 0, 0, 0, 0, 0, 0, 0, 0, 0, 0, 0, 0, 0, 0, 0, 0, 0, 0, 0, 0, 0, 0, 0, 0, 0, 0, 0, 0, 0, 0, 0, 0, 0, 0, 0, 0, 0, 0, 0, 0, 0, 0, 0, 0, 0, 0, 0, 0, 0, 0, 0, 0, 0, 0, 0, 0, 0, 0, 0, 0, 0, 0, 0, 0, 0, 0, 0, 0, 0, 0, 0, 0, 0, 0, 0, 0, 0, 0, 0, 0, 0, 0, 0, 0, 0, 0, 0, 0, 0, 0, 0, 0, 0, 0, 0, 0, 0, 0, 0, 0, 0, 0, 0, 0, 0, 0, 0, 0, 0, 0, 0, 0, 0, 0, 0, 0, 0, 0, 0, 0, 0, 0, 0, 0, 0, 0, 0, 0, 0, 0, 0, 0, 0, 0, 0, 0, 0, 0, 0, 0, 0, 0, 0, 0, 0, 0, 0, 0, 0, 0, 0, 0, 0, 0, 0, 0, 0, 0, 0, 0, 0, 0, 0, 0, 0, 0, 0, 0, 0, 0, 0, 0, 0, 0, 0, 0, 0, 0, 0, 0, 0, 0, 0, 0, 0, 0, 0, 0, 0, 0, 0, 0, 0, 0, 0, 0, 0, 0, 0, 0, 0, 0, 0, 0, 0, 0, 0, 0, 0, 0, 0, 0, 0, 0, 0, 0, 0, 0, 0, 0, 0, 0, 0, 0, 0, 0, 0, 0, 0, 0, 0, 0, 0, 0, 0, 0, 0, 0, 0, 0, 0, 0, 0, 0, 0, 0, 0, 0, 0, 0, 0, 0, 0, 0, 0, 0, 0, 0, 0, 0, 0, 0, 0, 0, 0, 0, 0, 0, 0, 0, 0, 0, 0, 0, 0, 0, 0, 0, 0, 0, 0, 0, 0, 0, 0, 0, 0, 0, 0, 0, 0, 0, 0, 0, 0, 0, 0, 0, 0, 0, 0, 0, 0, 0, 0, 0, 0, 0, 0, 0, 0, 0, 0, 0, 0, 0, 0, 0, 0, 0, 0, 0, 0, 0, 0, 0, 0, 0, 0, 0, 0, 0, 0, 0, 0, 0, 0, 0, 0, 0, 0, 0, 0, 0, 0, 0, 0, 0, 0, 0, 0, 0, 0, 0, 0, 0, 0, 0, 0, 0, 0, 0, 0, 0, 0, 0, 0, 0, 0, 0, 0, 0, 0, 0, 0, 0, 0, 0, 0, 0, 0, 0, 0, 0, 0, 0, 0, 0, 0, 0, 0, 0, 0, 0, 0, 0, 0, 0, 0, 0, 0, 0, 0, 0, 0, 0, 0, 0, 0, 0, 0, 0, 0, 0, 0, 0, 0, 0, 0, 0, 0, 0, 0, 0, 0, 0, 0, 0, 0, 0, 0, 0, 0, 0, 0, 0, 0, 0, 0, 0, 0, 0, 0, 0, 0, 0, 0, 0, 0, 0, 0, 0, 0, 0, 0, 0, 0, 0, 0, 0, 0, 0, 0, 0, 0, 0, 0, 0, 0, 0, 0, 0, 0, 0, 0, 0, 0, 0, 0, 0, 0, 0, 0, 0, 0, 0, 0, 0, 0, 0, 0, 0, 0, 0, 0, 0, 0, 0, 0, 0, 0, 0, 0, 0, 0, 0, 0, 0, 0, 0, 0, 0, 0, 0, 0, 0, 0, 0, 0, 0, 0, 0, 0, 0, 0, 0, 0, 0, 0, 0, 0, 0, 0, 0, 0, 0, 0, 0, 0, 0, 0, 0, 0, 0, 0, 0, 0, 0, 0, 0, 0, 0, 0, 0, 0, 0, 0, 0, 0, 0, 0, 0, 0, 0, 0, 0, 0, 0, 0, 0, 0, 0, 0, 0, 0, 0, 0, 0, 0, 0, 0, 0, 0, 0, 0, 0, 0, 0, 0, 0, 0, 0, 0, 0, 0, 0, 0, 0, 0, 0, 0, 0, 0, 0, 0, 0, 0, 0, 0, 0, 0, 0, 0, 0, 0, 0, 0, 0, 0, 0, 0, 0, 0, 0, 0, 0, 0, 0, 0, 0, 0, 0, 0, 0, 0, 0, 0, 0, 0, 0, 0, 0, 0, 0, 0, 0, 0, 0, 0, 0, 0, 0, 0, 0, 0, 0, 0, 0, 0, 0, 0, 0, 0, 0, 0, 0, 0, 0, 0, 0, 0, 0, 0, 0, 0, 0, 0, 0, 0, 0, 0, 0, 0, 0, 0, 0, 0, 0, 0, 0, 0, 0, 0, 0, 0, 0, 0, 0, 0, 0, 0, 0, 0, 0, 0, 0, 0, 0, 0, 0, 0, 0, 0, 0, 0, 0, 0, 0, 0, 0, 0, 0, 0, 0, 0, 0, 0, 0, 0, 0, 0, 0, 0, 0, 0, 0, 0, 0, 0, 0, 0, 0, 0, 0, 0, 0, 0, 0, 0, 0, 0, 0, 0, 0, 0, 0, 0, 0, 0, 0, 0, 0, 0, 0, 0, 0, 0, 0, 0, 0, 0, 0, 0, 0, 0, 0, 0, 0, 0, 0, 0, 0, 0, 0, 0, 0, 0, 0, 0, 0, 0, 0, 0, 0, 0, 0, 0, 0, 0, 0, 0, 0, 0, 0, 0, 0, 0, 0, 0, 0, 0, 0, 0, 0, 0, 0, 0, 0, 0, 0, 0, 0, 0, 0, 0, 0, 0, 0, 0, 0, 0, 0, 0, 0, 0, 0, 0, 0, 0, 0, 0, 0, 0, 0, 0, 0, 0, 0, 0, 0, 0, 0, 0, 0, 0, 0, 0, 0, 0, 0, 0, 0, 0, 0, 0, 0, 0, 0, 0, 0, 0, 0, 0, 0, 0, 0, 0, 0, 0, 0, 0, 0, 0, 0, 0, 0, 0, 0, 0, 0, 0, 0, 0, 0, 0, 0, 0, 0, 0, 0, 0, 0, 0, 0, 0, 0, 0, 0, 0, 0, 0, 0, 0, 0, 0, 0, 0, 0, 0, 0, 0, 0, 0, 0, 0, 0, 0, 0, 0, 0, 0, 0, 0, 0, 0, 0, 0, 0, 0, 0, 0, 0, 0, 0, 0, 0, 0, 0, 0, 0, 0, 0, 0, 0, 0, 0, 0, 0, 0, 0, 0, 0, 0, 0, 0, 0, 0, 0, 0, 0, 0, 0, 0, 0, 0, 0, 0, 0, 0, 0, 0, 0, 0, 0, 0, 0, 0, 0, 0, 0, 0, 0, 0, 0, 0, 0, 0, 0, 0, 0, 0, 0, 0, 0, 0, 0, 0, 0, 0, 0, 0, 0, 0, 0, 0, 0, 0, 0, 0, 0, 0, 0, 0, 0, 0, 0, 0, 0, 0, 0, 0, 0, 0, 0, 0, 0, 0, 0, 0, 0, 0, 0, 0, 0, 0, 0, 0, 0, 0, 0, 0, 0, 0, 0, 0, 0, 0, 0, 0, 0, 0, 0, 0, 0, 0, 0, 0, 0, 0, 0, 0, 0, 0, 0, 0, 0, 0, 0, 0, 0, 0, 0, 0, 0, 0, 0, 0, 0, 0, 0, 0, 0, 0, 0, 0, 0, 0, 0, 0, 0, 0, 0, 0, 0, 0, 0, 0, 0, 0, 0, 0, 0, 0, 0, 0, 0, 0, 0, 0, 0, 0, 0, 0, 0, 0, 0, 0, 0, 0, 0, 0, 0, 0, 0, 0, 0, 0, 0, 0, 0, 0, 0, 0, 0, 0, 0, 0, 0, 0, 0, 0, 0, 0, 0, 0, 0, 0, 0, 0, 0, 0, 0, 0, 0, 0, 0, 0, 0, 0, 0, 0, 0, 0, 0, 0, 0, 0, 0, 0, 0, 0, 0, 0, 0, 0, 0, 0, 0, 0, 0, 0, 0, 0, 0, 0, 0, 0, 0, 0, 0, 0, 0, 0, 0, 0, 0, 0, 0, 0, 0, 0, 0, 0, 0, 0, 0, 0, 0, 0, 0, 0, 0, 0, 0, 0, 0, 0, 0, 0, 0, 0, 0, 0, 0, 0, 0, 0, 0, 0, 0, 0, 0, 0, 0, 0, 0, 0, 0, 0, 0, 0, 0, 0, 0, 0, 0, 0, 0, 0, 0, 0, 0, 0, 0, 0]


1750.0
1850.0
0.0020000000949949026
49999
4
8
32
1599968
240000000
55581120
42
1024
262144
0
1024
1365









