0
0
0.001485
-0.005478
-0.003726
0
0.005817
-0.002081
0.001536
-0.001438
-0.004699
0
0
0
0
0
0
0
0
0
0
0
0
0
0
0
0
0
0
0
0
0
0
0
0
-0.002856
-0.001766
-0.004019
0
0
0
-0.001254
-0.003872
0
0
-0.002248
-0.003567
-0.003055
0
0
-0.002902
-0.004966
-0.003619
0.001256
-0.001239
0
0
0
0
0
0
0
0
0
0
0
0
0
0
0
0
0
0
0
0
0
0
0
0
0
0
0
-0.003263
0
0.000177
-0.002904
-0.004456
-0.003423
-0.003304
0
0
-0.001043
-0.003179
-0.001224
0.002679
-0.002666
-0.002991
-0.004602
0
0
-0.004247
0.000237
0
-0.003298
0
0
0
0
0
0
0
0
0
0
0
0
0
0
0
0
0
0
0
0
0
0
0
0
0
0
0
0
-0.001118
-0.00136
0
0
-0.003753
-0.002415
-0.002523
-0.001139
0.001015
0.004207
-0.003932
-0.001885
-0.003888
0
0
0
-0.00102
0.000689
-0.002204
0
0
-0.003085
0
0
0.003075
0
0
0
0
0
0
0
0
0
0
0
0
0
0
0
0
0
0
-0.005026
0
0
2e-06
0
-0.002685
0
0
0
0
0
0
0
0
0
0
0
0
0
0
-0.001735
-0.004304
0
-0.003942
-0.00419
-0.002748
0.001638
0
-0.001965
-0.004602
-0.001379
0
0
-0.002218
-0.003259
-0.002545
0.001775
0.00399
-0.001146
0
0.001409
0
0
0
0
0
0
0
0
0
0
0
0
0
0
0
0
0
0
0
0
0
0
-0.002722
-0.004411
0
-0.004694
0
-0.001695
0
-0.001105
-0.003071
-0.001204
-0.002211
-0.001092
-0.0038
0
0
0.000329
0
0
-0.003886
0.003868
0
0
-0.004247
-0.002143
0
-0.002921
0
-0.00243
-0.002146
-0.005118
-0.0024
0
0
0
0
0
-0.003333
-0.004037
-0.003377
-0.003004
0
-0.002795
0.003646
0
-0.002578
-0.002925
0
-0.001468
-0.004956
-0.001107
-0.004604
0
0
0
0
0
0
0
0
0
0
0
0
0
0
0
0
0
0
0
0
0
0
0
-0.002064
0
0
0
0
0
-0.003407
0
0
0
0
0
-0.001133
0
-0.003544
0
0
0
0.00412
0
0
-0.002984
0
-0.001103
-0.002924
0
0
0
0
0
0
0
0
0
0
0
0
0
0
0
0
0
0
0
0
0
0
0
0
0.00262
0
0
0
0
0
0
0
0
0
0
-0.002842
0
0
0
0
0
-0.002971
0.005082
0.000254
0
-0.002456
-0.004038
-0.001185
-0.003005
0
0
0
0
0
0
0
0
0
0
0
0
0
0
0
0
0
0
0
-0.004701
-0.002561
-0.004806
-0.003536
0
0
0.003079
-0.004979
0
-0.001507
0
0
-0.003491
0
0.000256
-0.00194
-0.003416
0
-0.004419
0
-0.001697
0
-0.004614
-0.001953
0
-0.003912
-0.003354
0
-0.002972
-0.002132
-0.00439
0
0
0
0
0
0
0
0
0
0
0
0
0
0
0
0
0
0
0
0
0
0
-0.004531
-0.003267
0
-0.00259
0
0
0
0
0
0
0
0
0
0
0
0
0
0
0
0
0
0
0
0
-0.001015
0
0
0
0
0
0
-0.002936
-0.002218
0
0
0
0
-0.002988
-0.002279
0
-0.002483
0
-0.001153
0
0
0
0
0
0
0
0
0
-0.003514
0.001992
-0.002908
0
0
-0.003075
0
0
0.003044
-0.002191
-0.001106
-0.001445
-0.003252
0
0
0
0
0
-0.001133
-0.003882
0
0
0
0
0
0
0
0
0
0
0
0
-0.003453
0
0.000956
-0.00142
-0.002281
-0.0044
0
0.001729
0
0
0
-0.001356
-0.005013
0
-0.004763
0
-0.002942
-0.002402
0
-0.001104
-0.003112
-0.003885
0
0
0
0
0
0
0
0
0
0
0
0
0
0
0
0
0
0
-0.003155
0
0
0
-0.004694
-0.004293
0
0
-0.001256
-0.004042
-0.003498
-0.00282
0
-0.002423
-0.002032
0
-0.002657
-0.004554
0.00225
0
-0.00356
-0.002345
0
-0.002495
-0.003289
-0.002525
0
0
0
0
0
0
0
0
0
0
0
0
0
0
0
0
0
-0.002319
0
-0.001078
-0.002656
-0.000991
-0.001001
-0.001239
0
-0.004552
0
0
0
0
0
0
0
0
0
0
0
0
0
0
0
0
0
0
0
0
0
0
0
0
0
0
0
0
0
0
0
0
-0.00478
0
0
0
0
0
0
0
0
0
0
0
0
0
0
0
0
0
0
0
0
0
0
0
-0.001374
-0.004839
-0.003243
-0.002553
0
0
-0.003085
-0.004908
0
-0.000951
0
0
0
-0.002872
0
0
0
0
0
0
0
0
0
0
0
0
0
0
0
0
0
0
0
0.000334
0
0
-0.002932
-0.003238
-0.001107
-0.001986
0
0
0
0
0
0
0.006855
-0.003051
-0.001766
0
0
0
0
0
0
0
0
0
0
0
0
0
0
0
0
0
0
0
0
0
0
0
-0.002493
0
0
0
0
0
0
0
0
0
0
0
0
0
0
-0.001073
0
-0.003184
0.001355
-0.004468
-0.002569
0
0.000867
0.000128
0
-0.003067
0
0
-0.003812
0
0.00439
-0.004228
0.002209
-0.002361
-0.004613
-0.004509
-0.001143
0
-0.00509
0
0
-0.003491
-0.002822
0
0
0
0
0
0
0
0
0
0
0
0
0
0
0
0
0
0
0
0
0
0
0
0
0
0
0
0
0
0
0
-0.003785
-0.004119
-0.001659
0
0
0
0
0
0
0
0
0
0
0
0
0
0
0
0
0
0
0
0
0
0
0
0
0
0
0
0
-0.002757
0
-0.003247
-0.001216
0.003634
0
0.003844
-0.003711
0
0
0
0
0
0
0
0
0
0
0
0
0
0
0
0
0
0
0
0
0
0
0
0
-0.004315
0
0
0
-0.001012
0
0
0.001069
-0.004508
-0.004011
0.000332
0
-0.000322
0
0
0
0
0
-0.002294
0
0
0
0
0
0
0
0
0
0
0
0
0
0
0
0
0
0
0
0
-0.003238
-0.003085
0
0
-0.004796
-0.003514
0
-0.003018
0
-0.003302
-0.003453
0
-0.000377
-0.003756
-0.004247
0
0
0
0
0
-0.004671
0
0
0
0
0
0
0
0
0
0
0
0.002708
-0.001106
-0.001354
0.001453
-0.003109
0.000283
0
-0.00345
0
0
0
0.00173
0
0
-0.002721
0
0
0
-0.002925
0
0
0.000261
-0.003289
-0.002609
0
-0.003123
0
0
-0.004489
0
